"x" "y" "z"
"1" 1 1 1
"2" 1 1.26 0.9866
"3" 1.0364 1.5273668776 0.976778030319446
"4" 1.105135362864 1.81073639099617 0.971392889716287
"5" 1.2039195068025 2.11803170050393 0.971636071386291
"6" 1.3318952139207 2.45684086906516 0.979096079478974
"7" 1.48938760564093 2.83471845429889 0.995859526725665
"8" 1.67773392445304 3.25942889548298 1.02465172335374
"9" 1.89917122039723 3.73914265760014 1.06902349978928
"10" 2.15676722160564 4.282589704639 1.13359437978027
"11" 2.45438236923031 4.89916813038119 1.22436524473701
"12" 2.79665237579143 5.59899787459367 1.34911625545418
"13" 3.18898074562375 6.39289944699987 1.51790756526429
"14" 3.63752936381641 7.29226434099639 1.74370022525827
"15" 4.1491922606216 8.30876605576561 2.04311069754054
"16" 4.73153259194176 9.45383707240807 2.43730120167455
"17" 5.39265521920705 10.7378069126021 2.95298427533182
"18" 6.14097645628235 12.1685601821293 3.6234751000263
"19" 6.98483817790092 13.7495353979669 4.4896475451868
"20" 7.93189578871015 15.4768567002614 5.60052485384469
"21" 8.98819031632733 17.3353955892537 7.01304955529506
"22" 10.156799054537 19.2936440177051 8.7903269200334
"23" 11.4359573493805 21.2975175979085 10.9973534490862
"24" 12.8165757841745 23.2636995024426 13.6930319363431
"25" 14.279173104732 25.0739792432664 16.9173700063887
"26" 15.7904459641268 26.5732361513791 20.673550881626
"27" 17.3000365903421 27.5749821681168 24.9065205635682
"28" 18.7385289712306 27.8789048868504 29.4830476979997
"29" 20.0181815994174 27.3032366565904 34.1820999542867
"30" 21.0380893074216 25.7296085805676 38.706383387105
"31" 21.694902005662 23.149573110579 42.7222946201095
"32" 21.8985559603504 19.6941074534409 45.9242401015699
"33" 21.5899331693831 15.6273349198577 48.1041410242821
"34" 20.7551694144495 11.2984130417496 49.1984381256101
"35" 19.4312235222715 7.06631301591434 49.2923498112499
"36" 17.7001360513815 3.22687500062788 48.5819099814766
"37" 15.673879504276 -0.0313775195535961 47.3138622473519
"38" 13.4751435209399 -2.63363440162536 45.7288158134849
"39" 11.2199146117807 -4.59645605356199 44.0241481579566
"40" 9.00562271863275 -5.99356582000669 42.339762380707
"41" 6.90573632322323 -6.92389634119501 40.7607825341924
"42" 4.96958775020467 -7.48881566343254 39.3288389224581
"43" 3.22541127229546 -7.77932915442337 38.0553737510184
"44" 1.68474761255483 -7.87094353208289 36.9333285002496
"45" 0.346950852305547 -7.82322835613293 35.9459192017837
"46" -0.79687423687584 -7.68167708956961 35.0725386082241
"47" -1.76074663625297 -7.48033083303192 34.2923622779335
"48" -2.56148842380202 -7.24434939336865 33.5863240297981
"49" -3.21708895954135 -6.99218888582812 32.9380245416997
"50" -3.7456029492215 -6.73730820410266 32.3339887184065
"51" -4.16444168490486 -6.48944868925324 31.7635543180637
"52" -4.48994266551363 -6.25557277129418 31.2185735366246
"53" -4.73713088032291 -6.04054900267189 30.693039336819
"54" -4.91960941745177 -5.84765649581535 30.18270217373
"55" -5.04953600842267 -5.67896359863807 29.6847132290315
"56" -5.13765587105282 -5.53561919452995 29.1973117496236
"57" -5.19337073633962 -5.41808216455694 28.7195627377383
"58" -5.22483033629005 -5.32630541070138 28.2511445274589
"59" -5.23903684670763 -5.25988480226231 27.7921820726299
"60" -5.24195556048529 -5.21817967763915 27.3431199985096
"61" -5.23862693688683 -5.20040937356386 26.9046289248203
"62" -5.23327647802161 -5.20572907665265 26.4775387680529
"63" -5.22941984182996 -5.23328767563373 26.0627933441732
"64" -5.22996133856249 -5.2822699580252 25.6614213938279
"65" -5.23728454528727 -5.35192527436539 25.274519992858
"66" -5.2533342473582 -5.44158459624183 24.9032471002371
"67" -5.27968929620191 -5.55066768165801 24.5488206830871
"68" -5.31762627016577 -5.67868182282812 24.2125224217367
"69" -5.36817404753849 -5.82521339301251 23.895704432349
"70" -5.43215955590486 -5.98991314296312 23.5997977562938
"71" -5.51024505809301 -6.1724759382134 23.3263215649775
"72" -5.60295738130987 -6.37261538968505 23.076892128647
"73" -5.71070950248239 -6.59003362481501 22.8532306097312
"74" -5.83381487960896 -6.82438628707552 22.6571686765356
"75" -5.97249487665428 -7.07524275126696 22.490650801776
"76" -6.12687957910005 -7.34204151472159 22.3557319231843
"77" -6.29700225008707 -7.6240407873724 22.2545689131099
"78" -6.48278764530702 -7.92026447616922 22.1894040483058
"79" -6.68403440162772 -8.22944406375835 22.1625384153342
"80" -6.90039175432601 -8.549957340971 22.1762929678902
"81" -7.13133093645631 -8.87976558879071 22.2329548212433
"82" -7.37611178778313 -9.21635163213985 22.3347063950328
"83" -7.63374536599307 -9.55666220385754 22.4835352868925
"84" -7.90295372329409 -9.89705923525769 22.6811233807628
"85" -8.182128494969 -10.23328596238 22.9287147795625
"86" -8.46929054040653 -10.5604549822077 23.2269638101259
"87" -8.7620535622587 -10.8730664198884 23.5757666546332
"88" -9.05759536232686 -11.165064909998 23.9740831231015
"89" -9.35264109900082 -11.4299438173384 24.4197585849539
"90" -9.64346347956808 -11.6609036525054 24.9093598468621
"91" -9.9259051037793 -11.8510686246801 25.4380423163132
"92" -10.1954279967054 -11.9937604893796 25.9994684308811
"93" -10.4471945456798 -12.0828223094594 26.5857982049562
"94" -10.676182432609 -12.112976849969 27.1877709581497
"95" -10.8773336510394 -12.080195944362 27.7948921318054
"96" -11.0457343721045 -11.9820496552154 28.3957303136272
"97" -11.17681851174 -11.8179990997132 28.9783176365669
"98" -11.2665837940563 -11.5895961324202 29.530632937668
"99" -11.3118055214272 -11.3005579499401 30.0411336194221
"100" -11.310230861419 -10.956695445894 30.4992916950303
"101" -11.2607359032455 -10.565689854206 30.8960845417976
"102" -11.16342945638 -10.1367306008432 31.2243931135193
"103" -11.0196916166049 -9.68004511721792 31.4792700128334
"104" -10.8321411066907 -9.20636522877284 31.6580554648778
"105" -10.6045324837822 -8.72638189643738 31.7603380256575
"106" -10.3415914015539 -8.25023928354225 31.7877752733449
"107" -10.0488021050323 -7.78711084930506 31.7438044751841
"108" -9.73216532923047 -7.34488649968396 31.6332820562228
"109" -9.39794629309396 -6.92998373836668 31.4620928726129
"110" -9.05243153543214 -6.54728031399666 31.2367665257823
"111" -8.70171036443117 -6.20015346261025 30.9641299925786
"112" -8.35149239817624 -5.89060283698189 30.6510158609088
"113" -8.00696785960903 -5.61943082067596 30.3040354682297
"114" -7.6727126741584 -5.38645449108123 29.9294177224807
"115" -7.3526365285276 -5.19072687391942 29.5329081419241
"116" -7.04996917688245 -5.03075005366466 29.1197188583834
"117" -6.76727849963196 -4.90466805956831 28.6945187151389
"118" -6.50651303802305 -4.8104324282206 28.2614526416728
"119" -6.26906175265071 -4.74593747637799 27.8241806241256
"120" -6.05582435397253 -4.70912541419741 27.3859282915904
"121" -5.86728650240401 -4.69806350651803 26.9495430020014
"122" -5.70359528297997 -4.71099668724044 26.5175510687841
"123" -5.56463147957644 -4.74637954026312 26.0922132710334
"124" -5.45007620807257 -4.80289157547666 25.6755769770411
"125" -5.35947035950915 -4.87943942266698 25.2695240852061
"126" -5.29226602835124 -4.97514907769126 24.8758145834892
"127" -5.24786965525885 -5.08935076536144 24.4961258987836
"128" -5.22567701067321 -5.22155840109803 24.1320884023803
"129" -5.22510040533268 -5.37144508165219 23.785317502652
"130" -5.24558866001741 -5.53881553797229 23.4574427273422
"131" -5.2866404229311 -5.72357605160369 23.1501341016126
"132" -5.34781141094526 -5.92570197301716 22.8651259812623
"133" -5.42871608963533 -6.14520268532471 22.6042383126684
"134" -5.52902421303184 -6.38208362864152 22.3693950656625
"135" -5.6484525312172 -6.63630483929153 22.1626393226296
"136" -5.7867518543476 -6.90773536814131 21.9861442047505
"137" -5.94368954627872 -7.19610293269041 21.8422184731768
"138" -6.11902742037636 -7.50093824347669 21.733305260778
"139" -6.3124949356104 -7.82151364908547 21.6619719769844
"140" -6.52375755549691 -8.15677609461561 21.6308890023403
"141" -6.75238015097353 -8.5052749204689 21.6427943837949
"142" -6.99778541870288 -8.86508577891197 21.7004414098084
"143" -7.25920746913216 -9.2337329488244 21.8065257650542
"144" -7.53564103628907 -9.60811360535672 21.9635890468213
"145" -7.82578719595854 -9.98442914477245 22.1738959092051
"146" -8.12799706879249 -10.3581304230493 22.4392831527329
"147" -8.44021573838845 -10.7238856173291 22.7609808724025
"148" -8.75992952144014 -11.0755811443481 23.1394084720548
"149" -9.08412074864725 -11.4063673364017 23.5739520336544
"150" -9.40923527093287 -11.7087609293955 24.0627341439372
"151" -9.73116886311764 -11.9748153091449 24.6023925549742
"152" -10.0452793655614 -12.1963663156514 25.1878894173993
"153" -10.346431538574 -12.3653557487126 25.8123773595886
"154" -10.6290809279934 -12.4742263720739 26.4671511644681
"155" -10.8874012901647 -12.5163715122492 27.1417128276984
"156" -11.1154571212565 -12.4866103397411 27.8239721123905
"157" -11.3074185718444 -12.3816484463989 28.500593653397
"158" -11.457810754282 -12.2004748884807 29.1574855422545
"159" -11.5617837330698 -11.9446441644589 29.7804048441353
"160" -11.6153841934643 -11.6183968599689 30.3556357505946
"161" -11.6158059667749 -11.2285868132962 30.8706800781225
"162" -11.5615952852879 -10.7844045325953 31.3148916020782
"163" -11.452788579911 -10.2969129604301 31.6799880920397
"164" -11.2909659931836 -9.77843762680041 31.9603884687534
"165" -11.07921202189 -9.24187341518873 32.1533451190292
"166" -10.8219846169518 -8.69998031116658 32.2588686768868
"167" -10.5249040141419 -8.16473866772423 32.2794689990712
"168" -10.1944808656434 -7.64682163278554 32.2197565732796
"169" -9.83780857304331 -7.15522184253003 32.085959930219
"170" -9.46224643077145 -6.69704602644483 31.8854159706377
"171" -9.07511837416572 -6.27746946751627 31.6260829404803
"172" -8.6834475272348 -5.89982576341049 31.3161130583918
"173" -8.29374048029939 -5.56579769468005 30.9635069353289
"174" -7.91182849031269 -5.2756721317115 30.5758578857826
"175" -7.54276660010852 -5.02862446211932 30.1601829871259
"176" -7.19078670079003 -4.82300406654715 29.7228301644564
"177" -6.85929713199603 -4.65659998582195 29.2694466094566
"178" -6.55091953153166 -4.52687356008248 28.8049928418259
"179" -6.26755309552877 -4.43115147070501 28.3337877991082
"180" -6.01045686805344 -4.36677778430174 27.8595726115805
"181" -5.78034179632821 -4.33122718948502 27.3855834592072
"182" -5.57746575137016 -4.32218378972364 26.9146266098509
"183" -5.40172627673965 -4.33759085144283 26.4491511027946
"184" -5.25274731719809 -4.37567711677015 25.9913164364824
"185" -5.12995748913818 -4.43496495850221 25.5430540261632
"186" -5.03265853484915 -4.51426501016612 25.1061221648027
"187" -4.96008344139352 -4.61266111538224 24.6821548287095
"188" -4.91144431575194 -4.72948862229921 24.2727050032672
"189" -4.88597051866856 -4.86430827076039 23.8792833412287
"190" -4.88293780396142 -5.01687721957807 23.5033929686899
"191" -4.90168932214775 -5.18711815409496 23.1465611681904
"192" -4.94164935862036 -5.37508690145716 22.8103685252086
"193" -5.00233061461751 -5.58093855649191 22.4964759415476
"194" -5.08333572647993 -5.80489177560572 22.2066497045802
"195" -5.18435357335754 -6.04719062090738 21.9427845553038
"196" -5.30515076001452 -6.30806312589832 21.7069244157317
"197" -5.44555849123825 -6.5876756064785 21.5012801092865
"198" -5.60545488737188 -6.88608166214432 21.3282430275242
"199" -5.78474263584003 -7.20316481566932 21.1903932550304
"200" -5.98332174101613 -7.53857384836209 21.0905001584312
"201" -6.20105703604456 -7.89165013595956 21.0315128803279
"202" -6.43774007003266 -8.26134672217816 21.0165375736974
"203" -6.69304500133303 -8.64613953779999 21.0487976069243
"204" -6.96647823643841 -9.0439321443064 21.1315724336956
"205" -7.25732178353993 -9.45195671281941 21.2681104639097
"206" -7.56457067363905 -9.86667568732007 21.4615112473542
"207" -7.8868653755544 -10.2836907359638 21.7145727989068
"208" -8.22242092601171 -10.6976681100761 22.0296012074134
"209" -8.56895553178073 -11.1022922465821 22.4081820616386
"210" -8.92362267185291 -11.4902620574326 22.8509169580484
"211" -9.28295218583407 -11.8533463536515 23.3571335915699
"212" -9.64280736932851 -12.1825155542952 23.9245846258282
"213" -9.99836651522385 -12.4681653648797 24.5491582964616
"214" -10.3441383541757 -12.7004435514285 25.2246316333073
"215" -10.6740210817911 -12.8696825204724 25.9425038362361
"216" -10.9814136832065 -12.9669278605267 26.6919507268614
"217" -11.2593856680313 -12.984536894312 27.4599390941014
"218" -11.5009068397106 -12.9168034270339 28.2315302064665
"219" -11.6991323619359 -12.7605483674512 28.9903838647153
"220" -11.847730602708 -12.5156048715526 29.7194490327136
"221" -11.9412330003462 -12.1851254075185 30.4017975741593
"222" -11.9753779373504 -11.7756498166476 31.0215294073536
"223" -11.947416000452 -11.2968986306086 31.5646571173106
"224" -11.8563435686739 -10.761291649429 32.0198717426438
"225" -11.7030362999796 -10.1832316836805 32.3791023777872
"226" -11.4902636536977 -9.57822895797059 32.6378094765904
"227" -11.2225787962959 -8.96196484545845 32.794989996677
"228" -10.9060928431787 -8.34939913614514 32.8529134783989
"229" -10.548155724194 -7.75401227392177 32.8166430174869
"230" -10.1569756411559 -7.18724689317497 32.6934172152418
"231" -9.74121361643856 -6.65817862739581 32.4919757707042
"232" -9.30958871797257 -6.17341237155832 32.2219037023224
"233" -8.87052402947458 -5.73717326542695 31.8930515391843
"234" -8.43185492250791 -5.3515450749302 31.5150667159962
"235" -8.00061154384703 -5.01680279072697 31.0970498845873
"236" -7.58287831841022 -4.73178923861099 30.6473324078355
"237" -7.18372584723833 -4.49429424378088 30.1733595424732
"238" -6.80720542275429 -4.30140625271189 29.6816577540582
"239" -6.45639353894835 -4.14981774760453 29.1778632173872
"240" -6.13347292816021 -4.03607564855928 28.6667903809996
"241" -5.83983730901608 -3.95677541863115 28.1525230782248
"242" -5.57620864436219 -3.90870265937222 27.6385148937653
"243" -5.3427578064636 -3.88892890651106 27.1276895592678
"244" -5.13922176047024 -3.89486958543491 26.6225356160034
"245" -4.96501245596529 -3.92431216782248 26.1251922779307
"246" -4.8193144156253 -3.97542192495919 25.637525360616
"247" -4.70116946693205 -4.04673164212034 25.161193413608
"248" -4.60954817145841 -4.13712048279341 24.6977049464198
"249" -4.54340829504531 -4.2457860253567 24.2484680122788
"250" -4.5017411772889 -4.37221242537354 23.8148335310712
"251" -4.48360715202075 -4.51613672424468 23.3981336884266
"252" -4.4881612921321 -4.67751453951393 22.9997166095238
"253" -4.51467074676556 -4.856485725604 22.6209783180509
"254" -4.56252484380294 -5.05334006894043 22.2633927778688
"255" -4.63123897532219 -5.26848265778352 21.9285405878996
"256" -4.72045309086677 -5.5023982246849 21.6181366596831
"257" -4.82992540960131 -5.75561348151804 21.3340569445537
"258" -4.95952173966965 -6.02865624169172 21.0783639809119
"259" -5.10920056995274 -6.32200994621211 20.8533306856125
"260" -5.27899388262906 -6.63606208266823 20.6614613991781
"261" -5.46898343063454 -6.97104492197121 20.5055086945242
"262" -5.67927203942167 -7.32696702196028 20.3884838578824
"263" -5.90994933697708 -7.70353409951566 20.3136582400156
"264" -6.16105120373248 -8.10005821004701 20.2845518596283
"265" -6.43251218461651 -8.51535476967372 20.3049047444006
"266" -6.72411014652452 -8.94762790284347 20.3786255767345
"267" -7.03540263240917 -9.39434600061521 20.5097113775643
"268" -7.36565470395802 -9.85211133686752 20.7021313838708
"269" -7.71375863256535 -10.3165301938688 20.9596682063009
"270" -8.07814665114783 -10.7820932189525 21.2857101352276
"271" -8.45669917064049 -11.2420795820716 21.6829905224914
"272" -8.84665242824084 -11.6885026585851 22.1532739731774
"273" -9.24451146048903 -12.1121188896122 22.696995068733
"274" -9.64597650056628 -12.50252431021 23.3128637538864
"275" -10.0458931939164 -12.8483637682458 23.9974621976092
"276" -10.4382390743225 -13.1376745954171 24.7448700635475
"277" -10.8161600472758 -13.3583779131364 25.5463669767
"278" -11.1720705484962 -13.4989157463693 26.3902698257723
"279" -11.4978288761985 -13.5490106097068 27.2619648646243
"280" -11.7849943188896 -13.5004979023852 28.144186688962
"281" -12.025164820579 -13.3481542363643 29.0175753824769
"282" -12.210383338789 -13.0904228390391 29.8615092318475
"283" -12.333588868824 -12.7299277152374 30.6551669395153
"284" -12.3890763073219 -12.2736777798617 31.3787279049498
"285" -12.3729205134774 -11.732893684017 32.0145825888754
"286" -12.283316757353 -11.1224408512997 32.548408082479
"287" -12.1207941305055 -10.4599132628942 32.9699740251594
"288" -11.8882708090399 -9.76447015901534 33.2735813560769
"289" -11.5909387180365 -9.05556787419652 33.4580935636872
"290" -11.2359867998989 -8.35174152311253 33.5265837061299
"291" -10.8321924611488 -7.66957392430692 33.4856755382015
"292" -10.3894258659909 -7.02294799177361 33.3446919494207
"293" -9.91811896360052 -6.42262560607434 33.1147336069329
"294" -9.42874989354685 -5.87614391049471 32.8077974458581
"295" -8.93138505591955 -5.38797956879151 32.4360159142888
"296" -8.43530828772163 -4.95990815504094 32.0110630441829
"297" -7.94875226914633 -4.59147960874916 31.5437407446219
"298" -7.47873409669073 -4.2805378652953 31.0437335301154
"299" -7.03098662429537 -4.02372798926074 30.5195042350553
"300" -6.60997041539052 -3.81695222481647 29.9782965377738
"301" -6.21894786871015 -3.65575347219565 29.4262102304361
"302" -5.86010065319812 -3.53561858244393 28.8683195720892
